Te_abscissa,Te_pdf,Te_cdf,p_abscissa,p_pdf,p_cdf,split
10.1988,0.00252608,0.00586545,6.09974,2.20677e-05,5.86322e-06,All
12.6393,0.00445049,0.0143184,6.39377,5.74522e-05,1.68266e-05,All
15.0799,0.00653087,0.027714,6.6878,0.000136052,4.3832e-05,All
17.5205,0.00853237,0.0461299,6.98183,0.000296101,0.000104745,All
19.961,0.0103044,0.069173,7.27586,0.000597541,0.000231727,All
22.4016,0.0117706,0.0961768,7.56989,0.00112674,0.000478361,All
24.8422,0.0129078,0.126358,7.86392,0.00199848,0.0009278,All
27.2827,0.0137265,0.158922,8.15795,0.00335377,0.00170092,All
29.7233,0.0142562,0.193124,8.45198,0.00535233,0.00296304,All
32.1639,0.0145347,0.228304,8.746,0.00815996,0.00492773,All
34.6044,0.0146024,0.263898,9.04003,0.0119317,0.00785617,All
37.045,0.0144979,0.29944,9.33406,0.016793,0.0120512,All
39.4856,0.0142567,0.334553,9.62809,0.0228212,0.017846,All
41.9261,0.0139096,0.368943,9.92212,0.0300306,0.0255874,All
44.3667,0.0134832,0.402384,10.2162,0.0383627,0.035616,All
46.8073,0.0129998,0.43471,10.5102,0.0476834,0.0482441,All
49.2478,0.0124776,0.465806,10.8042,0.0577879,0.0637337,All
51.6884,0.0119316,0.495595,11.0982,0.0684114,0.0822777,All
54.129,0.0113736,0.524036,11.3923,0.0792466,0.103984,All
56.5695,0.0108131,0.55111,11.6863,0.0899629,0.128868,All
59.0101,0.0102574,0.57682,11.9803,0.100228,0.156844,All
61.4507,0.00971211,0.601186,12.2744,0.109727,0.187732,All
63.8912,0.00918135,0.624238,12.5684,0.118181,0.221267,All
66.3318,0.00866816,0.646016,12.8624,0.125361,0.257105,All
68.7724,0.00817466,0.666565,13.1564,0.131096,0.294845,All
71.2129,0.00770221,0.685935,13.4505,0.135276,0.334044,All
73.6535,0.00725158,0.704178,13.7445,0.137856,0.374238,All
76.0941,0.00682311,0.721349,14.0385,0.138847,0.414956,All
78.5347,0.00641676,0.7375,14.3326,0.138316,0.455739,All
80.9752,0.00603223,0.752687,14.6266,0.136369,0.496155,All
83.4158,0.00566901,0.766962,14.9206,0.133149,0.535807,All
85.8564,0.00532646,0.780375,15.2146,0.128821,0.574346,All
88.2969,0.00500382,0.792977,15.5087,0.123565,0.611471,All
90.7375,0.00470026,0.804815,15.8027,0.117564,0.646936,All
93.1781,0.00441492,0.815935,16.0967,0.111002,0.68055,All
95.6186,0.0041469,0.826379,16.3908,0.104051,0.712174,All
98.0592,0.00389531,0.83619,16.6848,0.0968717,0.741716,All
100.5,0.00365926,0.845405,16.9788,0.0896082,0.769132,All
102.94,0.00343788,0.854063,17.2729,0.0823857,0.794415,All
105.381,0.00323034,0.862197,17.5669,0.0753098,0.817594,All
107.821,0.0030358,0.869841,17.8609,0.0684671,0.838724,All
110.262,0.00285348,0.877025,18.1549,0.0619255,0.857886,All
112.703,0.00268265,0.883779,18.449,0.0557355,0.875175,All
115.143,0.00252258,0.890128,18.743,0.0499323,0.8907,All
117.584,0.00237261,0.8961,19.037,0.0445372,0.904578,All
120.024,0.00223208,0.901717,19.3311,0.0395599,0.916931,All
122.465,0.00210041,0.907002,19.6251,0.0350003,0.927882,All
124.905,0.00197701,0.911976,19.9191,0.0308503,0.937553,All
127.346,0.00186137,0.916659,20.2131,0.0270957,0.946063,All
129.787,0.00175297,0.921068,20.5072,0.0237179,0.953524,All
132.227,0.00165134,0.925221,20.8012,0.0206947,0.960045,All
134.668,0.00155606,0.929133,21.0952,0.0180019,0.965726,All
137.108,0.00146669,0.932821,21.3893,0.0156142,0.970661,All
139.549,0.00138286,0.936297,21.6833,0.013506,0.974936,All
141.989,0.00130421,0.939575,21.9773,0.011652,0.978628,All
144.43,0.0012304,0.942667,22.2714,0.0100276,0.98181,All
146.871,0.00116111,0.945584,22.5654,0.00860926,0.984545,All
149.311,0.00109605,0.948338,22.8594,0.00737499,0.986891,All
151.752,0.00103496,0.950938,23.1534,0.00630422,0.988898,All
154.192,0.000977558,0.953393,23.4475,0.005378,0.990612,All
156.633,0.000923622,0.955712,23.7415,0.00457904,0.992073,All
159.073,0.000872925,0.957904,24.0355,0.00389163,0.993316,All
161.514,0.00082526,0.959975,24.3296,0.00330166,0.994371,All
163.955,0.000780431,0.961934,24.6236,0.0027965,0.995266,All
166.395,0.000738259,0.963787,24.9176,0.00236491,0.996023,All
168.836,0.000698574,0.96554,25.2116,0.00199695,0.996663,All
171.276,0.000661219,0.967199,25.5057,0.00168384,0.997203,All
173.717,0.000626047,0.968769,25.7997,0.00141791,0.997658,All
176.157,0.000592919,0.970256,26.0937,0.00119245,0.998041,All
178.598,0.000561709,0.971665,26.3878,0.00100162,0.998362,All
181.038,0.000532297,0.972999,26.6818,0.000840364,0.998633,All
183.479,0.00050457,0.974264,26.9758,0.000704294,0.998859,All
185.92,0.000478424,0.975463,27.2698,0.000589644,0.999049,All
188.36,0.000453763,0.976601,27.5639,0.000493171,0.999208,All
190.801,0.000430495,0.977679,27.8579,0.000412097,0.99934,All
193.241,0.000408534,0.978703,28.1519,0.000344046,0.999451,All
195.682,0.000387801,0.979675,28.446,0.000286992,0.999544,All
198.122,0.000368222,0.980597,28.74,0.00023921,0.999621,All
200.563,0.000349728,0.981473,29.034,0.000199234,0.999685,All
203.004,0.000332252,0.982305,29.3281,0.000165821,0.999739,All
205.444,0.000315735,0.983095,29.6221,0.000137919,0.999783,All
207.885,0.000300119,0.983847,29.9161,0.00011464,0.99982,All
210.325,0.000285351,0.984561,30.2101,9.52333e-05,0.999851,All
212.766,0.00027138,0.98524,30.5042,7.90675e-05,0.999877,All
215.206,0.000258161,0.985886,30.7982,6.56113e-05,0.999898,All
217.647,0.000245649,0.986501,31.0922,5.44182e-05,0.999915,All
220.088,0.000233803,0.987086,31.3863,4.51136e-05,0.99993,All
222.528,0.000222584,0.987643,31.6803,3.73837e-05,0.999942,All
224.969,0.000211957,0.988173,31.9743,3.09656e-05,0.999952,All
227.409,0.000201887,0.988678,32.2683,2.56397e-05,0.99996,All
229.85,0.000192343,0.989159,32.5624,2.12222e-05,0.999967,All
232.29,0.000183295,0.989617,32.8564,1.75601e-05,0.999973,All
234.731,0.000174714,0.990054,33.1504,1.45254e-05,0.999978,All
237.172,0.000166575,0.99047,33.4445,1.20118e-05,0.999982,All
239.612,0.000158853,0.990867,33.7385,9.9306e-06,0.999985,All
242.053,0.000151524,0.991246,34.0325,8.20802e-06,0.999987,All
244.493,0.000144567,0.991607,34.3266,6.78275e-06,0.99999,All
246.934,0.000137961,0.991952,34.6206,5.60385e-06,0.999991,All
249.374,0.000131687,0.992281,34.9146,4.62901e-06,0.999993,All
251.815,0.000125726,0.992595,35.2086,3.82314e-06,0.999994,All
