trans_Te_vs_WT_abscissa,trans_Te_vs_WT_spline,trans_Te_vs_WT_regression,trans_Te_vs_tWT_abscissa,trans_Te_vs_tWT_spline,trans_Te_vs_tWT_regression,trans_p_vs_WT_abscissa,trans_p_vs_WT_spline,trans_p_vs_WT_regression,trans_p_vs_tWT_abscissa,trans_p_vs_tWT_spline,trans_p_vs_tWT_regression,split
20,4.00701,3.84325,-1.17865,4.00561,3.88318,20,2.69318,2.7012,-1.17865,2.69142,2.69714,All
20.8485,3.9911,3.84213,-1.162,3.99872,3.88173,20.8485,2.69371,2.70126,-1.162,2.69177,2.69725,All
21.697,3.9752,3.841,-1.14535,3.99184,3.88028,21.697,2.69424,2.70132,-1.14535,2.69212,2.69735,All
22.5455,3.95929,3.83988,-1.1287,3.98495,3.87883,22.5455,2.69477,2.70138,-1.1287,2.69247,2.69745,All
23.3939,3.94338,3.83875,-1.11204,3.97807,3.87738,23.3939,2.69531,2.70143,-1.11204,2.69282,2.69756,All
24.2424,3.92747,3.83762,-1.09539,3.97118,3.87593,24.2424,2.69584,2.70149,-1.09539,2.69318,2.69766,All
25.0909,3.91156,3.8365,-1.07874,3.9643,3.87448,25.0909,2.69637,2.70155,-1.07874,2.69353,2.69777,All
25.9394,3.89565,3.83537,-1.06208,3.95741,3.87303,25.9394,2.6969,2.70161,-1.06208,2.69388,2.69787,All
26.7879,3.87974,3.83424,-1.04543,3.95053,3.87158,26.7879,2.69743,2.70167,-1.04543,2.69423,2.69797,All
27.6364,3.86384,3.83312,-1.02878,3.94365,3.87013,27.6364,2.69797,2.70172,-1.02878,2.69458,2.69808,All
28.4848,3.84793,3.83199,-1.01212,3.93676,3.86868,28.4848,2.6985,2.70178,-1.01212,2.69494,2.69818,All
29.3333,3.83202,3.83087,-0.995471,3.92988,3.86723,29.3333,2.69903,2.70184,-0.995471,2.69529,2.69829,All
30.1818,3.81611,3.82974,-0.978818,3.92299,3.86578,30.1818,2.69956,2.7019,-0.978818,2.69564,2.69839,All
31.0303,3.8002,3.82861,-0.962164,3.91611,3.86433,31.0303,2.70009,2.70196,-0.962164,2.69599,2.69849,All
31.8788,3.78429,3.82749,-0.945511,3.90922,3.86288,31.8788,2.70063,2.70201,-0.945511,2.69634,2.6986,All
32.7273,3.78026,3.82636,-0.928858,3.90234,3.86143,32.7273,2.70055,2.70207,-0.928858,2.6967,2.6987,All
33.5758,3.77976,3.82524,-0.912205,3.89545,3.85998,33.5758,2.70033,2.70213,-0.912205,2.69705,2.69881,All
34.4242,3.78001,3.82411,-0.895552,3.88857,3.85853,34.4242,2.7001,2.70219,-0.895552,2.6974,2.69891,All
35.2727,3.78025,3.82298,-0.878899,3.88168,3.85708,35.2727,2.69986,2.70225,-0.878899,2.69775,2.69901,All
36.1212,3.78077,3.82186,-0.862246,3.8748,3.85563,36.1212,2.69962,2.7023,-0.862246,2.6981,2.69912,All
36.9697,3.78296,3.82073,-0.845593,3.86791,3.85418,36.9697,2.69937,2.70236,-0.845593,2.69846,2.69922,All
37.8182,3.78514,3.8196,-0.82894,3.86103,3.85273,37.8182,2.69913,2.70242,-0.82894,2.69881,2.69933,All
38.6667,3.7879,3.81848,-0.812286,3.85414,3.85128,38.6667,2.69896,2.70248,-0.812286,2.69916,2.69943,All
39.5152,3.7908,3.81735,-0.795633,3.84726,3.84983,39.5152,2.6988,2.70254,-0.795633,2.69951,2.69953,All
40.3636,3.79371,3.81623,-0.77898,3.84037,3.84838,40.3636,2.69865,2.70259,-0.77898,2.69987,2.69964,All
41.2121,3.79657,3.8151,-0.762327,3.83349,3.84693,41.2121,2.69852,2.70265,-0.762327,2.70022,2.69974,All
42.0606,3.79928,3.81397,-0.745674,3.8266,3.84548,42.0606,2.69851,2.70271,-0.745674,2.70057,2.69985,All
42.9091,3.80163,3.81285,-0.729021,3.81972,3.84403,42.9091,2.69857,2.70277,-0.729021,2.70092,2.69995,All
43.7576,3.80347,3.81172,-0.712368,3.81283,3.84258,43.7576,2.69872,2.70283,-0.712368,2.70127,2.70006,All
44.6061,3.80437,3.81059,-0.695715,3.81021,3.84113,44.6061,2.69902,2.70288,-0.695715,2.70103,2.70016,All
45.4545,3.80491,3.80947,-0.679061,3.8088,3.83968,45.4545,2.69937,2.70294,-0.679061,2.70061,2.70026,All
46.303,3.80489,3.80834,-0.662408,3.80787,3.83823,46.303,2.6998,2.703,-0.662408,2.70022,2.70037,All
47.1515,3.8036,3.80722,-0.645755,3.80696,3.83678,47.1515,2.7004,2.70306,-0.645755,2.69984,2.70047,All
48,3.80123,3.80609,-0.629102,3.80606,3.83533,48,2.70112,2.70312,-0.629102,2.69945,2.70058,All
48.8485,3.79749,3.80496,-0.612449,3.80516,3.83388,48.8485,2.70201,2.70317,-0.612449,2.69906,2.70068,All
49.697,3.79293,3.80384,-0.595796,3.80426,3.83244,49.697,2.703,2.70323,-0.595796,2.69868,2.70078,All
50.5455,3.78791,3.80271,-0.579143,3.80359,3.83099,50.5455,2.70405,2.70329,-0.579143,2.69837,2.70089,All
51.3939,3.78274,3.80158,-0.56249,3.80302,3.82954,51.3939,2.70513,2.70335,-0.56249,2.69809,2.70099,All
52.2424,3.77777,3.80046,-0.545837,3.80245,3.82809,52.2424,2.7062,2.70341,-0.545837,2.69781,2.7011,All
53.0909,3.77332,3.79933,-0.529183,3.80187,3.82664,53.0909,2.70722,2.70346,-0.529183,2.69761,2.7012,All
53.9394,3.76983,3.79821,-0.51253,3.80129,3.82519,53.9394,2.70815,2.70352,-0.51253,2.69752,2.7013,All
54.7879,3.76783,3.79708,-0.495877,3.8007,3.82374,54.7879,2.70894,2.70358,-0.495877,2.69743,2.70141,All
55.6364,3.76853,3.79595,-0.479224,3.80011,3.82229,55.6364,2.70945,2.70364,-0.479224,2.69733,2.70151,All
56.4848,3.77008,3.79483,-0.462571,3.79952,3.82084,56.4848,2.70987,2.7037,-0.462571,2.69724,2.70162,All
57.3333,3.77339,3.7937,-0.445918,3.79877,3.81939,57.3333,2.71011,2.70375,-0.445918,2.69732,2.70172,All
58.1818,3.78013,3.79257,-0.429265,3.79792,3.81794,58.1818,2.71,2.70381,-0.429265,2.69746,2.70182,All
59.0303,3.78957,3.79145,-0.412612,3.79698,3.81649,59.0303,2.7096,2.70387,-0.412612,2.69767,2.70193,All
59.8788,3.80117,3.79032,-0.395958,3.79586,3.81504,59.8788,2.70891,2.70393,-0.395958,2.69799,2.70203,All
60.7273,3.81346,3.7892,-0.379305,3.79452,3.81359,60.7273,2.70806,2.70399,-0.379305,2.69843,2.70214,All
61.5758,3.82543,3.78807,-0.362652,3.79305,3.81214,61.5758,2.7071,2.70404,-0.362652,2.69893,2.70224,All
62.4242,3.83618,3.78694,-0.345999,3.79159,3.81069,62.4242,2.7061,2.7041,-0.345999,2.69944,2.70234,All
63.2727,3.84477,3.78582,-0.329346,3.78972,3.80924,63.2727,2.70512,2.70416,-0.329346,2.70014,2.70245,All
64.1212,3.85029,3.78469,-0.312693,3.78765,3.80779,64.1212,2.70421,2.70422,-0.312693,2.70094,2.70255,All
64.9697,3.85159,3.78356,-0.29604,3.78536,3.80634,64.9697,2.70345,2.70427,-0.29604,2.70184,2.70266,All
65.8182,3.84722,3.78244,-0.279387,3.78292,3.80489,65.8182,2.70291,2.70433,-0.279387,2.70284,2.70276,All
66.6667,3.83881,3.78131,-0.262734,3.78049,3.80344,66.6667,2.70256,2.70439,-0.262734,2.7039,2.70286,All
67.5152,3.82728,3.78019,-0.24608,3.77835,3.80199,67.5152,2.70238,2.70445,-0.24608,2.70498,2.70297,All
68.3636,3.81348,3.77906,-0.229427,3.7767,3.80054,68.3636,2.70238,2.70451,-0.229427,2.70603,2.70307,All
69.2121,3.79843,3.77793,-0.212774,3.77572,3.79909,69.2121,2.70252,2.70456,-0.212774,2.70702,2.70318,All
70.0606,3.78343,3.77681,-0.196121,3.77561,3.79764,70.0606,2.70266,2.70462,-0.196121,2.70792,2.70328,All
70.9091,3.76915,3.77568,-0.179468,3.77658,3.79619,70.9091,2.70297,2.70468,-0.179468,2.70867,2.70338,All
71.7576,3.75707,3.77455,-0.162815,3.77908,3.79474,71.7576,2.70335,2.70474,-0.162815,2.70922,2.70349,All
72.6061,3.74808,3.77343,-0.146162,3.78345,3.79329,72.6061,2.70376,2.7048,-0.146162,2.70949,2.70359,All
73.4545,3.74284,3.7723,-0.129509,3.78815,3.79184,73.4545,2.7042,2.70485,-0.129509,2.70971,2.7037,All
74.303,3.74126,3.77118,-0.112855,3.7956,3.79039,74.303,2.70464,2.70491,-0.112855,2.70951,2.7038,All
75.1515,3.74256,3.77005,-0.0962024,3.80494,3.78894,75.1515,2.70509,2.70497,-0.0962024,2.70899,2.7039,All
76,3.74574,3.76892,-0.0795492,3.81517,3.78749,76,2.70552,2.70503,-0.0795492,2.70822,2.70401,All
76.8485,3.74964,3.7678,-0.0628961,3.82508,3.78604,76.8485,2.70592,2.70509,-0.0628961,2.70729,2.70411,All
77.697,3.75285,3.76667,-0.046243,3.83344,3.78459,77.697,2.70629,2.70514,-0.046243,2.70627,2.70422,All
78.5455,3.75437,3.76554,-0.0295899,3.83903,3.78314,78.5455,2.70662,2.7052,-0.0295899,2.70526,2.70432,All
79.3939,3.75335,3.76442,-0.0129368,3.84065,3.78169,79.3939,2.70689,2.70526,-0.0129368,2.70435,2.70442,All
80.2424,3.74941,3.76329,0.00371634,3.8372,3.78024,80.2424,2.70711,2.70532,0.00371634,2.7036,2.70453,All
81.0909,3.74275,3.76217,0.0203695,3.82849,3.77879,81.0909,2.70727,2.70538,0.0203695,2.70308,2.70463,All
81.9394,3.73354,3.76104,0.0370226,3.81591,3.77734,81.9394,2.70737,2.70543,0.0370226,2.70278,2.70474,All
82.7879,3.72082,3.75991,0.0536757,3.80123,3.77589,82.7879,2.70736,2.70549,0.0536757,2.70272,2.70484,All
83.6364,3.70783,3.75879,0.0703288,3.78601,3.77444,83.6364,2.70734,2.70555,0.0703288,2.70279,2.70494,All
84.4848,3.69484,3.75766,0.0869819,3.77198,3.77299,84.4848,2.70731,2.70561,0.0869819,2.70303,2.70505,All
85.3333,3.6811,3.75653,0.103635,3.7611,3.77154,85.3333,2.70725,2.70567,0.103635,2.70346,2.70515,All
86.1818,3.6665,3.75541,0.120288,3.75511,3.7701,86.1818,2.70708,2.70572,0.120288,2.70404,2.70526,All
87.0303,3.65299,3.75428,0.136941,3.75381,3.76865,87.0303,2.70681,2.70578,0.136941,2.70472,2.70536,All
87.8788,3.63949,3.75316,0.153594,3.75493,3.7672,87.8788,2.70654,2.70584,0.153594,2.70546,2.70546,All
88.7273,3.62599,3.75203,0.170248,3.75578,3.76575,88.7273,2.70626,2.7059,0.170248,2.70618,2.70557,All
89.5758,3.61248,3.7509,0.186901,3.75306,3.7643,89.5758,2.70599,2.70596,0.186901,2.70681,2.70567,All
90.4242,3.60259,3.74978,0.203554,3.74463,3.76285,90.4242,2.70564,2.70601,0.203554,2.70731,2.70578,All
91.2727,3.59632,3.74865,0.220207,3.73007,3.7614,91.2727,2.7052,2.70607,0.220207,2.70764,2.70588,All
92.1212,3.59005,3.74752,0.23686,3.70991,3.75995,92.1212,2.70477,2.70613,0.23686,2.70774,2.70598,All
92.9697,3.58377,3.7464,0.253513,3.68714,3.7585,92.9697,2.70433,2.70619,0.253513,2.70768,2.70609,All
93.8182,3.59148,3.74527,0.270166,3.66434,3.75705,93.8182,2.70376,2.70625,0.270166,2.70759,2.70619,All
94.6667,3.59969,3.74415,0.286819,3.6436,3.7556,94.6667,2.70319,2.7063,0.286819,2.70721,2.7063,All
95.5152,3.60791,3.74302,0.303472,3.62619,3.75415,95.5152,2.70262,2.70636,0.303472,2.70668,2.7064,All
96.3636,3.61613,3.74189,0.320126,3.60878,3.7527,96.3636,2.70205,2.70642,0.320126,2.70616,2.7065,All
97.2121,3.63368,3.74077,0.336779,3.6021,3.75125,97.2121,2.70143,2.70648,0.336779,2.70543,2.70661,All
98.0606,3.67919,3.73964,0.353432,3.60041,3.7498,98.0606,2.7007,2.70654,0.353432,2.7046,2.70671,All
98.9091,3.72471,3.73851,0.370085,3.61674,3.74835,98.9091,2.69997,2.70659,0.370085,2.7036,2.70682,All
99.7576,3.77023,3.73739,0.386738,3.64033,3.7469,99.7576,2.69924,2.70665,0.386738,2.70252,2.70692,All
100.606,3.81574,3.73626,0.403391,3.67424,3.74545,100.606,2.69851,2.70671,0.403391,2.70139,2.70702,All
101.455,3.86126,3.73514,0.420044,3.75385,3.744,101.455,2.69778,2.70677,0.420044,2.70001,2.70713,All
102.303,3.90678,3.73401,0.436697,3.83346,3.74255,102.303,2.69705,2.70683,0.436697,2.69863,2.70723,All
103.152,3.95229,3.73288,0.453351,3.91307,3.7411,103.152,2.69632,2.70688,0.453351,2.69725,2.70734,All
104,3.99781,3.73176,0.470004,3.99268,3.73965,104,2.69559,2.70694,0.470004,2.69587,2.70744,All
